0 1
0.05 1
0.1 1
0.15 1
0.2 1
0.25 1
0.3 1
0.35 1
0.4 1
0.45 1
0.5 1
0.55 1
0.6 1
0.65 1
0.7 1
0.75 1
0.8 1
0.85 1
0.9 1
0.95 1
1 1
1.05 1
1.1 1
1.15 1
1.2 1
1.25 1
1.3 1
1.35 1
1.4 1
1.45 1
1.5 1
1.55 1
1.6 1
1.65 1
1.7 1
1.75 1
1.8 1
1.85 1
1.9 1
1.95 1
2 1
2.05 1
2.1 1
2.15 1
2.2 1
2.25 1
2.3 1
2.35 1
2.4 1
2.45 1
2.5 1
2.55 1
2.6 1
2.65 1
2.7 1
2.75 1
2.8 1
2.85 1
2.9 1
2.95 1
3 1
3.05 1
3.1 1
3.15 1
3.2 1
3.25 1
3.3 1
3.35 1
3.4 1
3.45 1
3.5 1
3.55 1
3.6 1
3.65 1
3.7 1
3.75 1
3.8 1
3.85 1
3.9 1
3.95 1
4 1
4.05 1
4.1 1
4.15 1
4.2 1
4.25 1
4.3 1
4.35 1
4.4 1
4.45 1
4.5 1
4.55 1
4.6 1
4.65 1
4.7 1
4.75 1
4.8 1
4.85 1
4.9 1
4.95 1
5 1
5.05 1
5.1 1
5.15 1
5.2 1
5.25 1
5.3 1
5.35 1
5.4 1
5.45 1
5.5 1
5.55 1
5.6 1
5.65 1
5.7 1
5.75 1
5.8 1
5.85 1
5.9 1
5.95 1
