0 0 0 
0.05 0.0499584 0.0499584 
0.1 0.0996686 0.0996687 
0.15 0.14889 0.14889 
0.2 0.197396 0.197396 
0.25 0.244979 0.244979 
0.3 0.291457 0.291457 
0.35 0.336675 0.336675 
0.4 0.380506 0.380506 
0.45 0.422854 0.422854 
0.5 0.463648 0.463648 
0.55 0.502843 0.502843 
0.6 0.540419 0.54042 
0.65 0.576375 0.576375 
0.7 0.610726 0.610726 
0.75 0.643501 0.643501 
0.8 0.674741 0.674741 
0.85 0.704494 0.704494 
0.9 0.732815 0.732815 
0.95 0.759763 0.759763 
1 0.785398 0.785398 
1.05 0.809784 0.809784 
1.1 0.832981 0.832981 
1.15 0.855053 0.855053 
1.2 0.876058 0.876058 
1.25 0.896055 0.896055 
1.3 0.915101 0.915101 
1.35 0.933247 0.933248 
1.4 0.950547 0.950547 
1.45 0.967047 0.967047 
1.5 0.982794 0.982794 
1.55 0.99783 0.99783 
1.6 1.0122 1.0122 
1.65 1.02593 1.02593 
1.7 1.03907 1.03907 
1.75 1.05165 1.05165 
1.8 1.0637 1.0637 
1.85 1.07524 1.07524 
1.9 1.08632 1.08632 
1.95 1.09694 1.09694 
2 1.10715 1.10715 
2.05 1.11695 1.11695 
2.1 1.12638 1.12638 
2.15 1.13544 1.13544 
2.2 1.14417 1.14417 
2.25 1.15257 1.15257 
2.3 1.16067 1.16067 
2.35 1.16848 1.16848 
2.4 1.17601 1.17601 
2.45 1.18327 1.18327 
2.5 1.19029 1.19029 
2.55 1.19707 1.19707 
2.6 1.20362 1.20362 
2.65 1.20996 1.20996 
2.7 1.21609 1.21609 
2.75 1.22203 1.22203 
2.8 1.22777 1.22777 
2.85 1.23334 1.23334 
2.9 1.23874 1.23874 
2.95 1.24397 1.24397 
3 1.24905 1.24905 
