-6.28319 -0.00328486 -0.00328486
-6.18319 -0.00567439 -0.00567439
-6.08319 -0.014444 -0.014444
-5.98319 0.08528 0.08528
-5.88319 0.0151187 0.0151187
-5.78319 0.0103623 0.0103623
-5.68319 0.00934052 0.00934052
-5.58319 0.00972549 0.00972549
-5.48319 0.0112621 0.0112621
-5.38319 0.0143985 0.0143985
-5.28319 0.0206394 0.0206394
-5.18319 0.0350858 0.0350858
-5.08319 0.0878656 0.0878656
-4.98319 -0.510246 -0.510246
-4.88319 -0.0889462 -0.0889462
-4.78319 -0.059927 -0.059927
-4.68319 -0.0530839 -0.0530839
-4.58319 -0.0542992 -0.0542992
-4.48319 -0.0617522 -0.0617522
-4.38319 -0.07751 -0.07751
-4.28319 -0.109042 -0.109042
-4.18319 -0.181856 -0.181856
-4.08319 -0.446637 -0.446637
-3.98319 2.54265 2.54265
-3.88319 0.434341 0.434341
-3.78319 0.286642 0.286642
-3.68319 0.248602 0.248602
-3.58319 0.248863 0.248863
-3.48319 0.276846 0.276846
-3.38319 0.339741 0.339741
-3.28319 0.467045 0.467045
-3.18319 0.760739 0.760739
-3.08319 1.8237 1.8237
-2.98319 -10.1278 -10.1278
-2.88319 -1.68663 -1.68663
-2.78319 -1.08442 -1.08442
-2.68319 -0.915646 -0.915646
-2.58319 -0.891724 -0.891724
-2.48319 -0.964307 -0.964307
-2.38319 -1.14941 -1.14941
-2.28319 -1.5334 -1.5334
-2.18319 -2.42157 -2.42157
-2.08319 -5.62281 -5.62281
-1.98319 30.2132 30.2132
-1.88319 4.86285 4.86285
-1.78319 3.01814 3.01814
-1.68319 2.45685 2.45685
-1.58319 2.30349 2.30349
-1.48319 2.39455 2.39455
-1.38319 2.73925 2.73925
-1.28319 3.50103 3.50103
-1.18319 5.28674 5.28674
-1.08319 11.7134 11.7134
-0.983185 -59.9185 -59.9185
-0.883185 -9.15765 -9.15765
-0.783185 -5.3819 -5.3819
-0.683185 -4.13533 -4.13533
-0.583185 -3.64685 -3.64685
-0.483185 -3.55157 -3.55157
-0.383185 -3.78888 -3.78888
-0.283185 -4.49247 -4.49247
-0.183185 -6.25519 -6.25519
-0.0831853 -12.6877 -12.6877
0.0168147 58.911 58.911
0.116815 8.08791 8.08791
0.216815 4.21503 4.21503
0.316815 2.8252 2.8252
0.416815 2.12679 2.12679
0.516815 1.71606 1.71606
0.616815 1.45184 1.45184
0.716815 1.2722 1.2722
0.816815 1.14586 1.14586
0.916815 1.05543 1.05543
1.01681 0.99057 0.99057
1.11681 0.944786 0.944786
1.21681 0.91388 0.91388
1.31681 0.895064 0.895064
1.41681 0.886476 0.886476
1.51681 0.886887 0.886887
1.61681 0.895519 0.895519
1.71681 0.911932 0.911932
1.81681 0.935955 0.935955
1.91681 0.967637 0.967637
2.01681 1.00723 1.00723
2.11681 1.05515 1.05515
2.21681 1.11202 1.11202
2.31681 1.17863 1.17863
2.41681 1.25597 1.25597
2.51681 1.34524 1.34524
2.61681 1.44789 1.44789
2.71681 1.56562 1.56562
2.81681 1.70046 1.70046
2.91681 1.85478 1.85478
3.01681 2.03139 2.03139
3.11681 2.23356 2.23356
3.21681 2.46515 2.46515
3.31681 2.73067 2.73067
3.41681 3.03545 3.03545
3.51681 3.38573 3.38573
3.61681 3.78886 3.78886
3.71681 4.2535 4.2535
3.81681 4.78987 4.78987
3.91681 5.41005 5.41005
4.01681 6.12832 6.12832
4.11681 6.96159 6.96159
4.21681 7.92992 7.92992
4.31681 9.05714 9.05714
4.41681 10.3716 10.3716
4.51681 11.907 11.907
4.61681 13.7036 13.7036
4.71681 15.8095 15.8095
4.81681 18.282 18.282
4.91681 21.1902 21.1902
5.01681 24.6163 24.6163
5.11681 28.6596 28.6596
5.21681 33.439 33.439
5.31681 39.098 39.098
5.41681 45.8094 45.8094
5.51681 53.7816 53.7816
5.61681 63.2669 63.2669
5.71681 74.5703 74.5703
5.81681 88.0612 88.0612
5.91681 104.188 104.188
6.01681 123.496 123.496
6.11681 146.646 146.646
6.21681 174.445 174.445
