8 2.24323 
 
 
0 0 0
0.125 0.108688 0.110312
0.25 0.182809 0.1947
0.375 0.221477 0.257733
0.5 0.226354 0.303265
0.625 0.201372 0.334538
0.75 0.152316 0.354275
0.875 0.0862977 0.364754
1 0.0111563 0.367879
1.125 -0.0651572 0.365234
1.25 -0.135179 0.358131
1.375 -0.192469 0.347654
1.5 -0.232041 0.334695
1.625 -0.250674 0.319981
1.75 -0.247078 0.304104
1.875 -0.221902 0.287541
2 -0.177601 0.270671
2.125 -0.118173 0.253795
2.25 -0.0487838 0.237148
2.375 0.0246838 0.220909
2.5 0.0961189 0.205212
2.625 0.159676 0.190154
2.75 0.210232 0.175802
2.875 0.243781 0.162196
3 0.257724 0.149361
3.125 0.251055 0.137303
3.25 0.224408 0.126016
3.375 0.179988 0.115486
3.5 0.121375 0.105691
3.625 0.0532286 0.096603
3.75 -0.0190839 0.0881915
3.875 -0.0899127 0.0804231
4 -0.153762 0.0732626
4.125 -0.205711 0.0666744
4.25 -0.241786 0.060623
4.375 -0.259254 0.0550731
4.5 -0.256826 0.0499905
4.625 -0.234736 0.0453419
4.75 -0.194719 0.0410956
4.875 -0.139865 0.0372211
5 -0.074376 0.0336897
5.125 -0.00324225 0.0304744
5.25 0.0681388 0.0275495
5.375 0.134372 0.0248912
5.5 0.19047 0.0224772
5.625 0.232226 0.0202869
5.75 0.256523 0.018301
5.875 0.261566 0.0165017
6 0.247005 0.0148725
6.125 0.213958 0.0133984
6.25 0.16492 0.0120653
6.375 0.103573 0.0108606
6.5 0.0345054 0.00977235
6.625 -0.0371323 0.00878992
6.75 -0.10601 0.00790344
6.875 -0.167016 0.00710392
7 -0.215633 0.00638317
7.125 -0.248271 0.00573372
7.25 -0.262531 0.00514876
7.375 -0.257377 0.00462211
7.5 -0.233208 0.00414813
7.625 -0.191825 0.00372173
7.75 -0.136296 0.00333825
7.875 -0.0707253 0.00299352
8 5.2969e-05 0.0026837
