-3 -0.999979
-2.99 -0.999978
-2.98 -0.999976
-2.97 -0.999975
-2.96 -0.999973
-2.95 -0.999971
-2.94 -0.999969
-2.93 -0.999967
-2.92 -0.999965
-2.91 -0.999963
-2.9 -0.99996
-2.89 -0.999957
-2.88 -0.999955
-2.87 -0.999952
-2.86 -0.999948
-2.85 -0.999945
-2.84 -0.999942
-2.83 -0.999938
-2.82 -0.999934
-2.81 -0.99993
-2.8 -0.999926
-2.79 -0.999921
-2.78 -0.999916
-2.77 -0.999911
-2.76 -0.999905
-2.75 -0.9999
-2.74 -0.999894
-2.73 -0.999887
-2.72 -0.999881
-2.71 -0.999873
-2.7 -0.999866
-2.69 -0.999858
-2.68 -0.99985
-2.67 -0.999841
-2.66 -0.999832
-2.65 -0.999822
-2.64 -0.999811
-2.63 -0.999801
-2.62 -0.999789
-2.61 -0.999777
-2.6 -0.999764
-2.59 -0.999751
-2.58 -0.999737
-2.57 -0.999722
-2.56 -0.999706
-2.55 -0.99969
-2.54 -0.999672
-2.53 -0.999654
-2.52 -0.999635
-2.51 -0.999615
-2.5 -0.999593
-2.49 -0.999571
-2.48 -0.999547
-2.47 -0.999523
-2.46 -0.999497
-2.45 -0.99947
-2.44 -0.999441
-2.43 -0.999411
-2.42 -0.99938
-2.41 -0.999346
-2.4 -0.999312
-2.39 -0.999275
-2.38 -0.999237
-2.37 -0.999197
-2.36 -0.999155
-2.35 -0.999111
-2.34 -0.999065
-2.33 -0.999016
-2.32 -0.998966
-2.31 -0.998912
-2.3 -0.998857
-2.29 -0.998798
-2.28 -0.998738
-2.27 -0.998674
-2.26 -0.998607
-2.25 -0.998537
-2.24 -0.998464
-2.23 -0.998388
-2.22 -0.998308
-2.21 -0.998224
-2.2 -0.998137
-2.19 -0.998046
-2.18 -0.99795
-2.17 -0.997851
-2.16 -0.997747
-2.15 -0.997638
-2.14 -0.997525
-2.13 -0.997407
-2.12 -0.997283
-2.11 -0.997155
-2.1 -0.99702
-2.09 -0.99688
-2.08 -0.996734
-2.07 -0.996582
-2.06 -0.996423
-2.05 -0.996258
-2.04 -0.996086
-2.03 -0.995906
-2.02 -0.995719
-2.01 -0.995525
-2 -0.995322
-1.99 -0.995111
-1.98 -0.994892
-1.97 -0.994664
-1.96 -0.994426
-1.95 -0.994179
-1.94 -0.993922
-1.93 -0.993655
-1.92 -0.993378
-1.91 -0.99309
-1.9 -0.99279
-1.89 -0.992479
-1.88 -0.992156
-1.87 -0.991821
-1.86 -0.991472
-1.85 -0.991111
-1.84 -0.990736
-1.83 -0.990347
-1.82 -0.989943
-1.81 -0.989524
-1.8 -0.98909
-1.79 -0.98864
-1.78 -0.988174
-1.77 -0.987691
-1.76 -0.98719
-1.75 -0.986672
-1.74 -0.986135
-1.73 -0.985579
-1.72 -0.985003
-1.71 -0.984407
-1.7 -0.983791
-1.69 -0.983153
-1.68 -0.982493
-1.67 -0.981811
-1.66 -0.981106
-1.65 -0.980376
-1.64 -0.979623
-1.63 -0.978844
-1.62 -0.978039
-1.61 -0.977208
-1.6 -0.976349
-1.59 -0.975463
-1.58 -0.974548
-1.57 -0.973603
-1.56 -0.972629
-1.55 -0.971624
-1.54 -0.970587
-1.53 -0.969517
-1.52 -0.968414
-1.51 -0.967278
-1.5 -0.966106
-1.49 -0.964899
-1.48 -0.963655
-1.47 -0.962374
-1.46 -0.961054
-1.45 -0.959696
-1.44 -0.958297
-1.43 -0.956858
-1.42 -0.955377
-1.41 -0.953853
-1.4 -0.952286
-1.39 -0.950674
-1.38 -0.949017
-1.37 -0.947313
-1.36 -0.945563
-1.35 -0.943763
-1.34 -0.941915
-1.33 -0.940016
-1.32 -0.938067
-1.31 -0.936065
-1.3 -0.93401
-1.29 -0.9319
-1.28 -0.929736
-1.27 -0.927515
-1.26 -0.925238
-1.25 -0.922902
-1.24 -0.920507
-1.23 -0.918052
-1.22 -0.915536
-1.21 -0.912957
-1.2 -0.910316
-1.19 -0.90761
-1.18 -0.904839
-1.17 -0.902002
-1.16 -0.899098
-1.15 -0.896126
-1.14 -0.893084
-1.13 -0.889973
-1.12 -0.88679
-1.11 -0.883535
-1.1 -0.880207
-1.09 -0.876805
-1.08 -0.873328
-1.07 -0.869775
-1.06 -0.866146
-1.05 -0.862438
-1.04 -0.858652
-1.03 -0.854786
-1.02 -0.85084
-1.01 -0.846812
-1 -0.842703
-0.99 -0.83851
-0.98 -0.834233
-0.97 -0.829872
-0.96 -0.825425
-0.95 -0.820892
-0.94 -0.816272
-0.93 -0.811565
-0.92 -0.806769
-0.91 -0.801884
-0.9 -0.796909
-0.89 -0.791844
-0.88 -0.786688
-0.87 -0.781441
-0.86 -0.776101
-0.85 -0.770669
-0.84 -0.765143
-0.83 -0.759524
-0.82 -0.753811
-0.81 -0.748004
-0.8 -0.742102
-0.79 -0.736104
-0.78 -0.730011
-0.77 -0.723822
-0.76 -0.717537
-0.75 -0.711156
-0.74 -0.704679
-0.73 -0.698105
-0.72 -0.691434
-0.71 -0.684666
-0.7 -0.677802
-0.69 -0.670841
-0.68 -0.663783
-0.67 -0.656628
-0.66 -0.649377
-0.65 -0.64203
-0.64 -0.634586
-0.63 -0.627047
-0.62 -0.619412
-0.61 -0.611682
-0.6 -0.603857
-0.59 -0.595937
-0.58 -0.587923
-0.57 -0.579816
-0.56 -0.571616
-0.55 -0.563324
-0.54 -0.55494
-0.53 -0.546464
-0.52 -0.537899
-0.51 -0.529244
-0.5 -0.5205
-0.49 -0.511668
-0.48 -0.50275
-0.47 -0.493745
-0.46 -0.484655
-0.45 -0.475482
-0.44 -0.466225
-0.43 -0.456887
-0.42 -0.447468
-0.41 -0.437969
-0.4 -0.428392
-0.39 -0.418739
-0.38 -0.40901
-0.37 -0.399206
-0.36 -0.38933
-0.35 -0.379382
-0.34 -0.369365
-0.33 -0.359279
-0.32 -0.349126
-0.31 -0.338908
-0.3 -0.328627
-0.29 -0.318284
-0.28 -0.30788
-0.27 -0.297418
-0.26 -0.2869
-0.25 -0.276326
-0.24 -0.2657
-0.23 -0.255023
-0.22 -0.244296
-0.21 -0.233522
-0.2 -0.222703
-0.19 -0.21184
-0.18 -0.200936
-0.17 -0.189992
-0.16 -0.179012
-0.15 -0.167996
-0.14 -0.156947
-0.13 -0.145867
-0.12 -0.134758
-0.11 -0.123623
-0.1 -0.112463
-0.09 -0.101281
-0.08 -0.0900781
-0.07 -0.0788577
-0.06 -0.0676216
-0.05 -0.056372
-0.04 -0.0451111
-0.03 -0.0338412
-0.02 -0.0225646
-0.01 -0.0112834
-1.96752e-14 -2.22011e-14
0.01 0.0112834
0.02 0.0225646
0.03 0.0338412
0.04 0.0451111
0.05 0.056372
0.06 0.0676216
0.07 0.0788577
0.08 0.0900781
0.09 0.101281
0.1 0.112463
0.11 0.123623
0.12 0.134758
0.13 0.145867
0.14 0.156947
0.15 0.167996
0.16 0.179012
0.17 0.189992
0.18 0.200936
0.19 0.21184
0.2 0.222703
0.21 0.233522
0.22 0.244296
0.23 0.255023
0.24 0.2657
0.25 0.276326
0.26 0.2869
0.27 0.297418
0.28 0.30788
0.29 0.318284
0.3 0.328627
0.31 0.338908
0.32 0.349126
0.33 0.359279
0.34 0.369365
0.35 0.379382
0.36 0.38933
0.37 0.399206
0.38 0.40901
0.39 0.418739
0.4 0.428392
0.41 0.437969
0.42 0.447468
0.43 0.456887
0.44 0.466225
0.45 0.475482
0.46 0.484655
0.47 0.493745
0.48 0.50275
0.49 0.511668
0.5 0.5205
0.51 0.529244
0.52 0.537899
0.53 0.546464
0.54 0.55494
0.55 0.563324
0.56 0.571616
0.57 0.579816
0.58 0.587923
0.59 0.595937
0.6 0.603857
0.61 0.611682
0.62 0.619412
0.63 0.627047
0.64 0.634586
0.65 0.64203
0.66 0.649377
0.67 0.656628
0.68 0.663783
0.69 0.670841
0.7 0.677802
0.71 0.684666
0.72 0.691434
0.73 0.698105
0.74 0.704679
0.75 0.711156
0.76 0.717537
0.77 0.723822
0.78 0.730011
0.79 0.736104
0.8 0.742102
0.81 0.748004
0.82 0.753811
0.83 0.759524
0.84 0.765143
0.85 0.770669
0.86 0.776101
0.87 0.781441
0.88 0.786688
0.89 0.791844
0.9 0.796909
0.91 0.801884
0.92 0.806769
0.93 0.811565
0.94 0.816272
0.95 0.820892
0.96 0.825425
0.97 0.829872
0.98 0.834233
0.99 0.83851
1 0.842703
1.01 0.846812
1.02 0.85084
1.03 0.854786
1.04 0.858652
1.05 0.862438
1.06 0.866146
1.07 0.869775
1.08 0.873328
1.09 0.876805
1.1 0.880207
1.11 0.883535
1.12 0.88679
1.13 0.889973
1.14 0.893084
1.15 0.896126
1.16 0.899098
1.17 0.902002
1.18 0.904839
1.19 0.90761
1.2 0.910316
1.21 0.912957
1.22 0.915536
1.23 0.918052
1.24 0.920507
1.25 0.922902
1.26 0.925238
1.27 0.927515
1.28 0.929736
1.29 0.9319
1.3 0.93401
1.31 0.936065
1.32 0.938067
1.33 0.940016
1.34 0.941915
1.35 0.943763
1.36 0.945563
1.37 0.947313
1.38 0.949017
1.39 0.950674
1.4 0.952286
1.41 0.953853
1.42 0.955377
1.43 0.956858
1.44 0.958297
1.45 0.959696
1.46 0.961054
1.47 0.962374
1.48 0.963655
1.49 0.964899
1.5 0.966106
1.51 0.967278
1.52 0.968414
1.53 0.969517
1.54 0.970587
1.55 0.971624
1.56 0.972629
1.57 0.973603
1.58 0.974548
1.59 0.975463
1.6 0.976349
1.61 0.977208
1.62 0.978039
1.63 0.978844
1.64 0.979623
1.65 0.980376
1.66 0.981106
1.67 0.981811
1.68 0.982493
1.69 0.983153
1.7 0.983791
1.71 0.984407
1.72 0.985003
1.73 0.985579
1.74 0.986135
1.75 0.986672
1.76 0.98719
1.77 0.987691
1.78 0.988174
1.79 0.98864
1.8 0.98909
1.81 0.989524
1.82 0.989943
1.83 0.990347
1.84 0.990736
1.85 0.991111
1.86 0.991472
1.87 0.991821
1.88 0.992156
1.89 0.992479
1.9 0.99279
1.91 0.99309
1.92 0.993378
1.93 0.993655
1.94 0.993922
1.95 0.994179
1.96 0.994426
1.97 0.994664
1.98 0.994892
1.99 0.995111
2 0.995322
2.01 0.995525
2.02 0.995719
2.03 0.995906
2.04 0.996086
2.05 0.996258
2.06 0.996423
2.07 0.996582
2.08 0.996734
2.09 0.99688
2.1 0.99702
2.11 0.997155
2.12 0.997283
2.13 0.997407
2.14 0.997525
2.15 0.997638
2.16 0.997747
2.17 0.997851
2.18 0.99795
2.19 0.998046
2.2 0.998137
2.21 0.998224
2.22 0.998308
2.23 0.998388
2.24 0.998464
2.25 0.998537
2.26 0.998607
2.27 0.998674
2.28 0.998738
2.29 0.998798
2.3 0.998857
2.31 0.998912
2.32 0.998966
2.33 0.999016
2.34 0.999065
2.35 0.999111
2.36 0.999155
2.37 0.999197
2.38 0.999237
2.39 0.999275
2.4 0.999312
2.41 0.999346
2.42 0.99938
2.43 0.999411
2.44 0.999441
2.45 0.99947
2.46 0.999497
2.47 0.999523
2.48 0.999547
2.49 0.999571
2.5 0.999593
2.51 0.999615
2.52 0.999635
2.53 0.999654
2.54 0.999672
2.55 0.99969
2.56 0.999706
2.57 0.999722
2.58 0.999737
2.59 0.999751
2.6 0.999764
2.61 0.999777
2.62 0.999789
2.63 0.999801
2.64 0.999811
2.65 0.999822
2.66 0.999832
2.67 0.999841
2.68 0.99985
2.69 0.999858
2.7 0.999866
2.71 0.999873
2.72 0.999881
2.73 0.999887
2.74 0.999894
2.75 0.9999
2.76 0.999905
2.77 0.999911
2.78 0.999916
2.79 0.999921
2.8 0.999926
2.81 0.99993
2.82 0.999934
2.83 0.999938
2.84 0.999942
2.85 0.999945
2.86 0.999948
2.87 0.999952
2.88 0.999955
2.89 0.999957
2.9 0.99996
2.91 0.999963
2.92 0.999965
2.93 0.999967
2.94 0.999969
2.95 0.999971
2.96 0.999973
2.97 0.999975
2.98 0.999976
2.99 0.999978
3 0.999979
