8 -0.499977 
 
 
0 0 0
0.125 0.110296 0.110312
0.25 0.194671 0.1947
0.375 0.257693 0.257733
0.5 0.303218 0.303265
0.625 0.334485 0.334538
0.75 0.354217 0.354275
0.875 0.364694 0.364754
1 0.367817 0.367879
1.125 0.36517 0.365234
1.25 0.358067 0.358131
1.375 0.34759 0.347654
1.5 0.33463 0.334695
1.625 0.319917 0.319981
1.75 0.304039 0.304104
1.875 0.287476 0.287541
2 0.270605 0.270671
2.125 0.253729 0.253795
2.25 0.237082 0.237148
2.375 0.220842 0.220909
2.5 0.205144 0.205212
2.625 0.190084 0.190154
2.75 0.175729 0.175802
2.875 0.162122 0.162196
3 0.149283 0.149361
3.125 0.137222 0.137303
3.25 0.125931 0.126016
3.375 0.115396 0.115486
3.5 0.105595 0.105691
3.625 0.0965014 0.096603
3.75 0.0880831 0.0881915
3.875 0.0803069 0.0804231
4 0.0731377 0.0732626
4.125 0.0665396 0.0666744
4.25 0.0604774 0.060623
4.375 0.0549155 0.0550731
4.5 0.0498194 0.0499905
4.625 0.0451556 0.0453419
4.75 0.0408926 0.0410956
4.875 0.0369996 0.0372211
5 0.0334477 0.0336897
5.125 0.0302094 0.0304744
5.25 0.027259 0.0275495
5.375 0.0245725 0.0248912
5.5 0.0221272 0.0224772
5.625 0.019902 0.0202869
5.75 0.0178772 0.018301
5.875 0.0160347 0.0165017
6 0.0143577 0.0148725
6.125 0.0128303 0.0133984
6.25 0.0114379 0.0120653
6.375 0.0101671 0.0108606
6.5 0.00900553 0.00977235
6.625 0.0079414 0.00878992
6.75 0.00696394 0.00790344
6.875 0.00606305 0.00710392
7 0.00522944 0.00638317
7.125 0.00445425 0.00573372
7.25 0.00372915 0.00514876
7.375 0.00304626 0.00462211
7.5 0.00239804 0.00414813
7.625 0.00177739 0.00372173
7.75 0.00117723 0.00333825
7.875 0.000590728 0.00299352
8 1.11003e-05 0.0026837
