0.20944 1 0 
0.418879 1 0 
0.628319 1 0 
0.837758 1 0 
1.0472 1 0 
1.25664 1 0 
1.46608 1 0 
1.67552 1 0 
1.88496 1 0 
2.0944 1 0 
2.30383 1 0 
2.51327 1 0 
2.72271 1 0 
2.93215 1 0 
3.14159 1 0 
3.35103 1 0 
3.56047 1 0 
3.76991 1 0 
3.97935 1 0 
4.18879 1 0 
4.39823 1 0 
4.60767 1 0 
4.81711 1 0 
5.02655 1 0 
5.23599 1 0 
5.44543 1 0 
5.65487 1 0 
5.86431 1 0 
6.07375 1 0 
6.28319 1 0 
6.49262 1 0 
6.70206 1 0 
6.9115 1 0 
7.12094 1 0 
7.33038 1 0 
7.53982 1 0 
7.74926 1 0 
7.9587 1 0 
8.16814 1 0 
8.37758 1 0 
8.58702 1 0 
8.79646 1 0 
9.0059 1 0 
9.21534 1 0 
9.42478 1 0 
9.63422 1 0 
9.84366 1 0 
10.0531 1 0 
10.2625 1 0 
10.472 1 0 
10.6814 1 0 
10.8909 1 0 
11.1003 1 0 
11.3097 1 0 
11.5192 1 0 
11.7286 1 0 
11.9381 1 0 
12.1475 1 0 
12.3569 1 0 
12.5664 1 0 
12.7758 1 0 
12.9852 1 0 
13.1947 1 0 
13.4041 1 0 
13.6136 1 0 
13.823 1 0 
14.0324 1 0 
14.2419 1 0 
14.4513 1 0 
14.6608 1 0 
14.8702 1 0 
15.0796 1 0 
15.2891 1 0 
15.4985 1 0 
15.708 1 0 
15.9174 1 0 
16.1268 1 0 
16.3363 1 0 
16.5457 1 0 
16.7552 1 0 
16.9646 1 0 
17.174 1 0 
17.3835 1 0 
17.5929 1 0 
17.8024 1 0 
18.0118 1 0 
18.2212 1 0 
18.4307 1 0 
18.6401 1 0 
18.8496 1 0 
19.059 1 0 
19.2684 1 0 
19.4779 1 0 
19.6873 1 0 
19.8968 1 0 
20.1062 1 0 
20.3156 1 0 
20.5251 1 0 
20.7345 1 0 
20.944 1 0 
21.1534 1 0 
21.3628 1 0 
21.5723 1 0 
21.7817 1 0 
21.9911 1 0 
22.2006 1 0 
22.41 1 0 
22.6195 1 0 
22.8289 1 0 
23.0383 1 0 
23.2478 1 0 
23.4572 1 0 
23.6667 1 0 
23.8761 1 0 
24.0855 1 0 
24.295 1 0 
24.5044 1 0 
24.7139 1 0 
24.9233 1 0 
25.1327 1 0 
25.3422 1 0 
25.5516 1 0 
25.7611 1 0 
25.9705 1 0 
26.1799 1 0 
26.3894 1 0 
26.5988 1 0 
26.8083 1 0 
27.0177 1 0 
27.2271 1 0 
27.4366 1 0 
27.646 1 0 
27.8555 1 0 
28.0649 1 0 
28.2743 1 0 
28.4838 1 0 
28.6932 1 0 
28.9027 1 0 
29.1121 1 0 
29.3215 1 0 
29.531 1 0 
29.7404 1 0 
29.9498 1 0 
30.1593 1 0 
30.3687 1 0 
30.5782 1 0 
30.7876 1 0 
30.997 1 0 
31.2065 1 0 
31.4159 1 0 
31.6254 1 0 
31.8348 1 0 
32.0442 1 0 
32.2537 1 0 
32.4631 1 0 
32.6726 1 0 
32.882 1 0 
33.0914 1 0 
33.3009 1 0 
33.5103 1 0 
33.7198 1 0 
33.9292 1 0 
34.1386 1 0 
34.3481 1 0 
34.5575 1 0 
34.767 1 0 
34.9764 1 0 
35.1858 1 0 
35.3953 1 0 
35.6047 1 0 
35.8142 1 0 
36.0236 1 0 
36.233 1 0 
36.4425 1 0 
36.6519 1 0 
36.8614 1 0 
37.0708 1 0 
37.2802 1 0 
37.4897 1 0 
37.6991 1 0 
37.9086 1 0 
38.118 1 0 
38.3274 1 0 
38.5369 1 0 
38.7463 1 0 
38.9557 1 0 
39.1652 1 0 
39.3746 1 0 
39.5841 1 0 
39.7935 1 0 
40.0029 1 0 
40.2124 1 0 
40.4218 1 0 
40.6313 1 0 
40.8407 1 0 
41.0501 1 0 
41.2596 1 0 
41.469 1 0 
41.6785 1 0 
41.8879 1 0 
42.0973 1 0 
42.3068 1 0 
42.5162 1 0 
42.7257 1 0 
42.9351 1 0 
43.1445 1 0 
43.354 1 0 
43.5634 1 0 
43.7729 1 0 
43.9823 1 0 
44.1917 1 0 
44.4012 1 0 
44.6106 1 0 
44.8201 1 0 
45.0295 1 0 
45.2389 1 0 
45.4484 1 0 
45.6578 1 0 
45.8673 1 0 
46.0767 1 0 
46.2861 1 0 
46.4956 1 0 
46.705 1 0 
46.9145 1 0 
47.1239 1 0 
47.3333 1 0 
47.5428 1 0 
47.7522 1 0 
47.9616 1 0 
48.1711 1 0 
48.3805 1 0 
48.59 1 0 
48.7994 1 0 
49.0088 1 0 
49.2183 1 0 
49.4277 1 0 
49.6372 1 0 
49.8466 1 0 
50.056 1 0 
50.2655 1 0 
50.4749 1 0 
50.6844 1 0 
50.8938 1 0 
51.1032 1 0 
51.3127 1 0 
51.5221 1 0 
51.7316 1 0 
51.941 1 0 
52.1504 1 0 
52.3599 1 0 
52.5693 1 0 
52.7788 1 0 
52.9882 1 0 
53.1976 1 0 
53.4071 1 0 
53.6165 1 0 
53.826 1 0 
54.0354 1 0 
54.2448 1 0 
54.4543 1 0 
54.6637 1 0 
54.8732 1 0 
55.0826 1 0 
55.292 1 0 
55.5015 1 0 
55.7109 1 0 
55.9203 1 0 
56.1298 1 0 
56.3392 1 0 
56.5487 1 0 
56.7581 1 0 
56.9675 1 0 
57.177 1 0 
57.3864 1 0 
57.5959 1 0 
57.8053 1 0 
58.0147 1 0 
58.2242 1 0 
58.4336 1 0 
58.6431 1 0 
58.8525 1 0 
59.0619 1 0 
59.2714 1 0 
59.4808 1 0 
59.6903 1 0 
59.8997 1 0 
60.1091 1 0 
60.3186 1 0 
60.528 1 0 
60.7375 1 0 
60.9469 1 0 
61.1563 1 0 
61.3658 1 0 
61.5752 1 0 
61.7847 1 0 
61.9941 1 0 
62.2035 1 0 
62.413 1 0 
62.6224 1 0 
62.8319 1 0 


0.20944 0.896047 -0.489075 
0.418879 0.796635 -0.456774 
0.628319 0.70611 -0.40451 
0.837758 0.62843 -0.334568 
1.0472 0.566989 -0.250003 
1.25664 0.524473 -0.154512 
1.46608 0.502739 -0.0522676 
1.67552 0.502739 0.0522609 
1.88496 0.524471 0.154505 
2.0944 0.566986 0.249997 
2.30383 0.628425 0.334563 
2.51327 0.706105 0.404507 
2.72271 0.796629 0.456771 
2.93215 0.896041 0.489073 
3.14159 0.999997 0.5 
3.35103 1.10395 0.489075 
3.56047 1.20337 0.456774 
3.76991 1.29389 0.40451 
3.97935 1.37157 0.334568 
4.18879 1.43301 0.250003 
4.39823 1.47553 0.154512 
4.60767 1.49726 0.0522676 
4.81711 1.49726 -0.0522609 
5.02655 1.47553 -0.154505 
5.23599 1.43301 -0.249997 
5.44543 1.37157 -0.334563 
5.65487 1.2939 -0.404507 
5.86431 1.20337 -0.456771 
6.07375 1.10396 -0.489073 
6.28319 1 -0.5 
6.49262 0.896047 -0.489075 
6.70206 0.796635 -0.456774 
6.9115 0.70611 -0.40451 
7.12094 0.62843 -0.334568 
7.33038 0.566989 -0.250003 
7.53982 0.524473 -0.154512 
7.74926 0.502739 -0.0522676 
7.9587 0.502739 0.0522609 
8.16814 0.524471 0.154505 
8.37758 0.566986 0.249997 
8.58702 0.628425 0.334563 
8.79646 0.706105 0.404507 
9.0059 0.796629 0.456771 
9.21534 0.896041 0.489073 
9.42478 0.999997 0.5 
9.63422 1.10395 0.489075 
9.84366 1.20337 0.456774 
10.0531 1.29389 0.40451 
10.2625 1.37157 0.334568 
10.472 1.43301 0.250003 
10.6814 1.47553 0.154512 
10.8909 1.49726 0.0522676 
11.1003 1.49726 -0.0522609 
11.3097 1.47553 -0.154505 
11.5192 1.43301 -0.249997 
11.7286 1.37157 -0.334563 
11.9381 1.2939 -0.404507 
12.1475 1.20337 -0.456771 
12.3569 1.10396 -0.489073 
12.5664 1 -0.5 
12.7758 0.896047 -0.489075 
12.9852 0.796635 -0.456774 
13.1947 0.70611 -0.40451 
13.4041 0.62843 -0.334568 
13.6136 0.566989 -0.250003 
13.823 0.524473 -0.154512 
14.0324 0.502739 -0.0522676 
14.2419 0.502739 0.0522609 
14.4513 0.524471 0.154505 
14.6608 0.566986 0.249997 
14.8702 0.628425 0.334563 
15.0796 0.706105 0.404507 
15.2891 0.796629 0.456771 
15.4985 0.896041 0.489073 
15.708 0.999997 0.5 
15.9174 1.10395 0.489075 
16.1268 1.20337 0.456774 
16.3363 1.29389 0.40451 
16.5457 1.37157 0.334568 
16.7552 1.43301 0.250003 
16.9646 1.47553 0.154512 
17.174 1.49726 0.0522676 
17.3835 1.49726 -0.0522609 
17.5929 1.47553 -0.154505 
17.8024 1.43301 -0.249997 
18.0118 1.37157 -0.334563 
18.2212 1.2939 -0.404507 
18.4307 1.20337 -0.456771 
18.6401 1.10396 -0.489073 
18.8496 1 -0.5 
19.059 0.896047 -0.489075 
19.2684 0.796635 -0.456774 
19.4779 0.70611 -0.40451 
19.6873 0.62843 -0.334568 
19.8968 0.566989 -0.250003 
20.1062 0.524473 -0.154512 
20.3156 0.502739 -0.0522676 
20.5251 0.502739 0.0522609 
20.7345 0.524471 0.154505 
20.944 0.566986 0.249997 
21.1534 0.628425 0.334563 
21.3628 0.706105 0.404507 
21.5723 0.796629 0.456771 
21.7817 0.896041 0.489073 
21.9911 0.999997 0.5 
22.2006 1.10395 0.489075 
22.41 1.20337 0.456774 
22.6195 1.29389 0.40451 
22.8289 1.37157 0.334568 
23.0383 1.43301 0.250003 
23.2478 1.47553 0.154512 
23.4572 1.49726 0.0522676 
23.6667 1.49726 -0.0522609 
23.8761 1.47553 -0.154505 
24.0855 1.43301 -0.249997 
24.295 1.37157 -0.334563 
24.5044 1.2939 -0.404507 
24.7139 1.20337 -0.456771 
24.9233 1.10396 -0.489073 
25.1327 1 -0.5 
25.3422 0.896047 -0.489075 
25.5516 0.796635 -0.456774 
25.7611 0.70611 -0.40451 
25.9705 0.62843 -0.334568 
26.1799 0.566989 -0.250003 
26.3894 0.524473 -0.154512 
26.5988 0.502739 -0.0522676 
26.8083 0.502739 0.0522609 
27.0177 0.524471 0.154505 
27.2271 0.566986 0.249997 
27.4366 0.628425 0.334563 
27.646 0.706105 0.404507 
27.8555 0.796629 0.456771 
28.0649 0.896041 0.489073 
28.2743 0.999997 0.5 
28.4838 1.10395 0.489075 
28.6932 1.20337 0.456774 
28.9027 1.29389 0.40451 
29.1121 1.37157 0.334568 
29.3215 1.43301 0.250003 
29.531 1.47553 0.154512 
29.7404 1.49726 0.0522676 
29.9498 1.49726 -0.0522609 
30.1593 1.47553 -0.154505 
30.3687 1.43301 -0.249997 
30.5782 1.37157 -0.334563 
30.7876 1.2939 -0.404507 
30.997 1.20337 -0.456771 
31.2065 1.10396 -0.489073 
31.4159 1 -0.5 
31.6254 0.896047 -0.489075 
31.8348 0.796635 -0.456774 
32.0442 0.70611 -0.40451 
32.2537 0.62843 -0.334568 
32.4631 0.566989 -0.250003 
32.6726 0.524473 -0.154512 
32.882 0.502739 -0.0522676 
33.0914 0.502739 0.0522609 
33.3009 0.524471 0.154505 
33.5103 0.566986 0.249997 
33.7198 0.628425 0.334563 
33.9292 0.706105 0.404507 
34.1386 0.796629 0.456771 
34.3481 0.896041 0.489073 
34.5575 0.999997 0.5 
34.767 1.10395 0.489075 
34.9764 1.20337 0.456774 
35.1858 1.29389 0.40451 
35.3953 1.37157 0.334568 
35.6047 1.43301 0.250003 
35.8142 1.47553 0.154512 
36.0236 1.49726 0.0522676 
36.233 1.49726 -0.0522609 
36.4425 1.47553 -0.154505 
36.6519 1.43301 -0.249997 
36.8614 1.37157 -0.334563 
37.0708 1.2939 -0.404507 
37.2802 1.20337 -0.456771 
37.4897 1.10396 -0.489073 
37.6991 1 -0.5 
37.9086 0.896047 -0.489075 
38.118 0.796635 -0.456774 
38.3274 0.70611 -0.40451 
38.5369 0.62843 -0.334568 
38.7463 0.566989 -0.250003 
38.9557 0.524473 -0.154512 
39.1652 0.502739 -0.0522676 
39.3746 0.502739 0.0522609 
39.5841 0.524471 0.154505 
39.7935 0.566986 0.249997 
40.0029 0.628425 0.334563 
40.2124 0.706105 0.404507 
40.4218 0.796629 0.456771 
40.6313 0.896041 0.489073 
40.8407 0.999997 0.5 
41.0501 1.10395 0.489075 
41.2596 1.20337 0.456774 
41.469 1.29389 0.40451 
41.6785 1.37157 0.334568 
41.8879 1.43301 0.250003 
42.0973 1.47553 0.154512 
42.3068 1.49726 0.0522676 
42.5162 1.49726 -0.0522609 
42.7257 1.47553 -0.154505 
42.9351 1.43301 -0.249997 
43.1445 1.37157 -0.334563 
43.354 1.2939 -0.404507 
43.5634 1.20337 -0.456771 
43.7729 1.10396 -0.489073 
43.9823 1 -0.5 
44.1917 0.896047 -0.489075 
44.4012 0.796635 -0.456774 
44.6106 0.70611 -0.40451 
44.8201 0.62843 -0.334568 
45.0295 0.566989 -0.250003 
45.2389 0.524473 -0.154512 
45.4484 0.502739 -0.0522676 
45.6578 0.502739 0.0522609 
45.8673 0.524471 0.154505 
46.0767 0.566986 0.249997 
46.2861 0.628425 0.334563 
46.4956 0.706105 0.404507 
46.705 0.796629 0.456771 
46.9145 0.896041 0.489073 
47.1239 0.999997 0.5 
47.3333 1.10395 0.489075 
47.5428 1.20337 0.456774 
47.7522 1.29389 0.40451 
47.9616 1.37157 0.334568 
48.1711 1.43301 0.250003 
48.3805 1.47553 0.154512 
48.59 1.49726 0.0522676 
48.7994 1.49726 -0.0522609 
49.0088 1.47553 -0.154505 
49.2183 1.43301 -0.249997 
49.4277 1.37157 -0.334563 
49.6372 1.2939 -0.404507 
49.8466 1.20337 -0.456771 
50.056 1.10396 -0.489073 
50.2655 1 -0.5 
50.4749 0.896047 -0.489075 
50.6844 0.796635 -0.456774 
50.8938 0.70611 -0.40451 
51.1032 0.62843 -0.334568 
51.3127 0.566989 -0.250003 
51.5221 0.524473 -0.154512 
51.7316 0.502739 -0.0522676 
51.941 0.502739 0.0522609 
52.1504 0.524471 0.154505 
52.3599 0.566986 0.249997 
52.5693 0.628425 0.334563 
52.7788 0.706105 0.404507 
52.9882 0.796629 0.456771 
53.1976 0.896041 0.489073 
53.4071 0.999997 0.5 
53.6165 1.10395 0.489075 
53.826 1.20337 0.456774 
54.0354 1.29389 0.40451 
54.2448 1.37157 0.334568 
54.4543 1.43301 0.250003 
54.6637 1.47553 0.154512 
54.8732 1.49726 0.0522676 
55.0826 1.49726 -0.0522609 
55.292 1.47553 -0.154505 
55.5015 1.43301 -0.249997 
55.7109 1.37157 -0.334563 
55.9203 1.2939 -0.404507 
56.1298 1.20337 -0.456771 
56.3392 1.10396 -0.489073 
56.5487 1 -0.5 
56.7581 0.896047 -0.489075 
56.9675 0.796635 -0.456774 
57.177 0.70611 -0.40451 
57.3864 0.62843 -0.334568 
57.5959 0.566989 -0.250003 
57.8053 0.524473 -0.154512 
58.0147 0.502739 -0.0522676 
58.2242 0.502739 0.0522609 
58.4336 0.524471 0.154505 
58.6431 0.566986 0.249997 
58.8525 0.628425 0.334563 
59.0619 0.706105 0.404507 
59.2714 0.796629 0.456771 
59.4808 0.896041 0.489073 
59.6903 0.999997 0.5 
59.8997 1.10395 0.489075 
60.1091 1.20337 0.456774 
60.3186 1.29389 0.40451 
60.528 1.37157 0.334568 
60.7375 1.43301 0.250003 
60.9469 1.47553 0.154512 
61.1563 1.49726 0.0522676 
61.3658 1.49726 -0.0522609 
61.5752 1.47553 -0.154505 
61.7847 1.43301 -0.249997 
61.9941 1.37157 -0.334563 
62.2035 1.2939 -0.404507 
62.413 1.20337 -0.456771 
62.6224 1.10396 -0.489073 
62.8319 1 -0.5 


0.20944 0.896247 -0.487208 
0.418879 0.797381 -0.4535 
0.628319 0.707649 -0.400288 
0.837758 0.630915 -0.329829 
1.0472 0.570486 -0.245137 
1.25664 0.528972 -0.149855 
1.46608 0.508168 -0.0480925 
1.67552 0.508973 0.0557499 
1.88496 0.531352 0.157181 
2.0944 0.574337 0.251816 
2.30383 0.636072 0.335572 
2.51327 0.713889 0.404849 
2.72271 0.804435 0.456685 
2.93215 0.903812 0.488883 
3.14159 1.00775 0.500099 
3.35103 1.1118 0.489898 
3.56047 1.2115 0.45876 
3.76991 1.30259 0.408055 
3.97935 1.38121 0.339978 
4.18879 1.44399 0.25745 
4.39823 1.48828 0.163993 
4.60767 1.5122 0.0635802 
4.81711 1.51473 -0.0395276 
5.02655 1.49576 -0.14096 
5.23599 1.4561 -0.236414 
5.44543 1.39743 -0.321835 
5.65487 1.32225 -0.393581 
5.86431 1.23374 -0.448578 
6.07375 1.13568 -0.48445 
6.28319 1.03226 -0.499629 
6.49262 0.927894 -0.49342 
6.70206 0.827056 -0.466046 
6.9115 0.734078 -0.41864 
7.12094 0.652957 -0.353205 
7.33038 0.587192 -0.272537 
7.53982 0.539621 -0.180097 
7.74926 0.512298 -0.079872 
7.9587 0.506405 0.0238079 
8.16814 0.522198 0.126458 
8.37758 0.558994 0.223639 
8.58702 0.6152 0.311156 
8.79646 0.688391 0.385242 
9.0059 0.775409 0.442723 
9.21534 0.872507 0.481155 
9.42478 0.975511 0.498925 
9.63422 1.08 0.495313 
9.84366 1.18151 0.470519 
10.0531 1.27569 0.425644 
10.2625 1.35853 0.362639 
10.472 1.42651 0.284213 
10.6814 1.47674 0.193717 
10.8909 1.50708 0.0950031 
11.1003 1.51625 -0.00773853 
11.3097 1.50386 -0.110152 
11.5192 1.47044 -0.207895 
11.7286 1.4174 -0.296818 
11.9381 1.34699 -0.373133 
12.1475 1.26221 -0.433578 
12.3569 1.16666 -0.475548 
12.5664 1.06443 -0.497218 
12.7758 0.959876 -0.497617 
12.9852 0.85748 -0.476684 
13.1947 0.761635 -0.435275 
13.4041 0.676462 -0.375132 
13.6136 0.605631 -0.298815 
13.823 0.552197 -0.209598 
14.0324 0.518468 -0.111323 
14.2419 0.505903 -0.00823214 
14.4513 0.515045 0.0952144 
14.6608 0.545498 0.194543 
14.8702 0.595946 0.285462 
15.0796 0.66421 0.364054 
15.2891 0.747344 0.426947 
15.4985 0.841764 0.47146 
15.708 0.943412 0.495714 
15.9174 1.04792 0.49871 
16.1268 1.15082 0.480366 
16.3363 1.2477 0.441508 
16.5457 1.33444 0.383832 
16.7552 1.40734 0.309827 
16.9646 1.4633 0.222659 
17.174 1.49995 0.126043 
17.3835 1.51572 0.0240818 
17.5929 1.50996 -0.0788999 
17.8024 1.48291 -0.178537 
18.0118 1.43571 -0.2706 
18.2212 1.37036 -0.351175 
18.4307 1.28965 -0.416819 
18.6401 1.19701 -0.464714 
18.8496 1.09638 -0.492782 
19.059 0.992064 -0.499783 
19.2684 0.888527 -0.485373 
19.4779 0.790209 -0.450126 
19.6873 0.701333 -0.395518 
19.8968 0.625726 -0.323866 
20.1062 0.566649 -0.238237 
20.3156 0.526653 -0.142315 
20.5251 0.507467 -0.0402383 
20.7345 0.50992 0.0635786 
20.944 0.533906 0.164645 
21.1534 0.578389 0.258594 
21.3628 0.641445 0.341371 
21.5723 0.720352 0.409421 
21.7817 0.81171 0.459836 
21.9911 0.911586 0.490479 
22.2006 1.01569 0.500076 
22.41 1.11956 0.488259 
22.6195 1.21875 0.455579 
22.8289 1.30903 0.403471 
23.0383 1.38656 0.334188 
23.2478 1.44803 0.250701 
23.4572 1.49083 0.156573 
23.6667 1.51315 0.0558049 
23.8761 1.51404 -0.0473292 
24.0855 1.49346 -0.148457 
24.295 1.45229 -0.243289 
24.5044 1.39227 -0.327795 
24.7139 1.31596 -0.398371 
24.9233 1.22659 -0.451991 
25.1327 1.12798 -0.48634 
25.3422 1.02433 -0.49991 
25.5516 0.920072 -0.492078 
25.7611 0.819681 -0.463134 
25.9705 0.727466 -0.414281 
26.1799 0.647395 -0.347585 
26.3894 0.582919 -0.265895 
26.5988 0.53682 -0.172721 
26.8083 0.511092 -0.0720787 
27.0177 0.506846 0.0316809 
27.2271 0.524266 0.13407 
27.4366 0.5626 0.230661 
27.646 0.620189 0.317286 
27.8555 0.694547 0.390216 
28.0649 0.782466 0.446329 
28.2743 0.880162 0.48324 
28.4838 0.983435 0.499403 
28.6932 1.08786 0.494167 
28.9027 1.18895 0.467801 
29.1121 1.28241 0.421474 
29.3215 1.36425 0.357196 
29.531 1.43097 0.277731 
29.7404 1.47976 0.186472 
29.9498 1.50853 0.0873028 
30.1593 1.51607 -0.0155675 
30.3687 1.50205 -0.117778 
30.5782 1.46708 -0.214994 
30.7876 1.41263 -0.303088 
30.997 1.34102 -0.378308 
31.2065 1.25529 -0.437434 
31.4159 1.1591 -0.477919 
31.6254 1.05653 -0.497999 
31.8348 0.951984 -0.496772 
32.0442 0.849932 -0.474246 
32.2537 0.754756 -0.431345 
32.4631 0.670549 -0.369877 
32.6726 0.600938 -0.29246 
32.882 0.548926 -0.202415 
33.0914 0.516762 -0.103622 
33.3009 0.505835 -0.000347288 
33.5103 0.516617 0.102943 
33.7198 0.548644 0.20178 
33.9292 0.600529 0.291897 
34.1386 0.670032 0.369409 
34.3481 0.754153 0.430994 
34.5575 0.849269 0.474026 
34.767 0.951289 0.496692 
34.9764 1.05583 0.498062 
35.1858 1.15843 0.478123 
35.3953 1.25468 0.437768 
35.6047 1.34049 0.378759 
35.8142 1.41221 0.303637 
36.0236 1.46678 0.215617 
36.233 1.50189 0.118448 
36.4425 1.51604 0.016257 
36.6519 1.50865 -0.0866234 
36.8614 1.48002 -0.185831 
37.0708 1.43136 -0.277156 
37.2802 1.36474 -0.356713 
37.4897 1.283 -0.421102 
37.6991 1.18961 -0.467556 
37.9086 1.08855 -0.49406 
38.118 0.984133 -0.499439 
38.3274 0.880838 -0.483418 
38.5369 0.783091 -0.446641 
38.7463 0.695092 -0.390649 
38.9557 0.620633 -0.317822 
39.1652 0.562923 -0.231277 
39.3746 0.524454 -0.134739 
39.5841 0.506891 -0.032374 
39.7935 0.510991 0.0713913 
40.0029 0.536579 0.172069 
40.2124 0.582547 0.265307 
40.4218 0.646909 0.347086 
40.6313 0.726887 0.413892 
40.8407 0.819034 0.462872 
41.0501 0.919384 0.491954 
41.2596 1.02363 0.499929 
41.469 1.1273 0.4865 
41.6785 1.22596 0.452287 
41.8879 1.3154 0.398788 
42.0973 1.39182 0.328316 
42.3068 1.45195 0.243892 
42.5162 1.49325 0.149116 
42.7257 1.51397 0.0480159 
42.9351 1.51322 -0.0551193 
43.1445 1.49105 -0.155918 
43.354 1.44838 -0.250104 
43.5634 1.38702 -0.333674 
43.7729 1.3096 -0.403062 
43.9823 1.21939 -0.455294 
44.1917 1.12024 -0.488109 
44.4012 1.01639 -0.500068 
44.6106 0.912272 -0.490614 
44.8201 0.812353 -0.460108 
45.0295 0.720925 -0.409819 
45.2389 0.641923 -0.341878 
45.4484 0.578751 -0.259187 
45.6578 0.534137 -0.165301 
45.8673 0.510009 -0.0642674 
46.0767 0.507411 0.0395459 
46.2861 0.526455 0.141649 
46.4956 0.566317 0.237626 
46.705 0.625274 0.323337 
46.9145 0.70078 0.395093 
47.1239 0.789579 0.449824 
47.3333 0.887849 0.485206 
47.5428 0.991365 0.499758 
47.7522 1.09569 0.492899 
47.9616 1.19636 0.464969 
48.1711 1.28907 0.417201 
48.3805 1.36987 0.351666 
48.59 1.43533 0.271181 
48.7994 1.48266 0.179181 
49.0088 1.50985 0.079581 
49.2183 1.51576 -0.0233927 
49.4277 1.50012 -0.125375 
49.6372 1.46361 -0.222041 
49.8466 1.40777 -0.309285 
50.056 1.33498 -0.383389 
50.2655 1.24832 -0.441183 
50.4749 1.15149 -0.480173 
50.6844 1.04862 -0.498658 
50.8938 0.944105 -0.495805 
51.1032 0.842424 -0.471691 
51.3127 0.747941 -0.427308 
51.5221 0.66472 -0.36453 
51.7316 0.596346 -0.286032 
51.941 0.545771 -0.195182 
52.1504 0.515178 -0.0958961 
52.3599 0.505892 0.00753765 
52.5693 0.518313 0.110645 
52.7788 0.551904 0.208968 
52.9882 0.605213 0.298259 
53.1976 0.675938 0.374672 
53.4071 0.761027 0.434933 
53.6165 0.856814 0.476474 
53.826 0.959181 0.497548 
54.0354 1.06373 0.497292 
54.2448 1.166 0.475762 
54.4543 1.2616 0.433922 
54.6637 1.34647 0.373593 
54.8732 1.41698 0.297373 
55.0826 1.47015 0.208523 
55.292 1.50371 0.110825 
55.5015 1.51624 0.00842826 
55.7109 1.50721 -0.0943257 
55.9203 1.47701 -0.193081 
56.1298 1.42691 -0.283645 
56.3392 1.35904 -0.362163 
56.5487 1.27628 -0.425281 
56.7581 1.18216 -0.470284 
56.9675 1.08069 -0.495217 
57.177 0.976208 -0.498972 
57.3864 0.87318 -0.481344 
57.5959 0.776029 -0.443045 
57.8053 0.68893 -0.385684 
58.0147 0.615636 -0.311699 
58.2242 0.559307 -0.22426 
58.4336 0.522376 -0.12713 
58.6431 0.506439 -0.0245017 
58.8525 0.512187 0.0791863 
59.0619 0.539369 0.179449 
59.2714 0.586812 0.271954 
59.4808 0.652464 0.352714 
59.6903 0.733492 0.41826 
59.8997 0.826405 0.465794 
60.1091 0.927204 0.493307 
60.3186 1.03156 0.499658 
60.528 1.13501 0.484622 
60.7375 1.23311 0.448883 
60.9469 1.32169 0.394007 
61.1563 1.39698 0.322363 
61.3658 1.45577 0.237022 
61.5752 1.49556 0.141622 
61.7847 1.51467 0.0402152 
61.9941 1.51229 -0.0628959 
62.2035 1.48851 -0.163341 
62.413 1.44435 -0.256858 
62.6224 1.38168 -0.339471 
62.8319 1.30316 -0.407655 


