I have tested the cubic-sub spline with sin(x) from 0 to 2*pi.
The interpolated values can be seen beneath:
[ 0.00000000e+00  6.16928991e-02  1.23385798e-01  1.85078697e-01
  2.46771597e-01  3.08464496e-01  3.67694359e-01  4.26044567e-01
  4.84394775e-01  5.42744982e-01  6.01095190e-01  6.38112209e-01
  6.85587233e-01  7.29452107e-01  7.70232461e-01  8.08453927e-01
  8.44576690e-01  8.77106715e-01  9.05457653e-01  9.29941257e-01
  9.50869278e-01  9.68553467e-01  9.82678691e-01  9.92632041e-01
  9.98475785e-01  1.00027401e+00  9.98090813e-01  9.92080519e-01
  9.82462928e-01  9.69070975e-01  9.51714144e-01  9.30201914e-01
  9.04532139e-01  8.76016101e-01  8.44598529e-01  8.09854942e-01
  7.71360860e-01  7.28737032e-01  6.83813645e-01  6.37287010e-01
  5.88544681e-01  5.36974218e-01  4.81963175e-01  4.24439587e-01
  3.66350025e-01  3.07557596e-01  2.47904925e-01  1.87234638e-01
  1.25459723e-01  6.29184810e-02  9.47592699e-17 -6.29184810e-02
 -1.25459723e-01 -1.87234638e-01 -2.47904925e-01 -3.07557596e-01
 -3.66350025e-01 -4.24439587e-01 -4.81963175e-01 -5.36974218e-01
 -5.88544681e-01 -6.37287010e-01 -6.83813645e-01 -7.28737032e-01
 -7.71360860e-01 -8.09854942e-01 -8.44598529e-01 -8.76016101e-01
 -9.04532139e-01 -9.30201914e-01 -9.51714144e-01 -9.69070975e-01
 -9.82462928e-01 -9.92080519e-01 -9.98090813e-01 -1.00027401e+00
 -9.98475785e-01 -9.92632041e-01 -9.82678691e-01 -9.68553467e-01
 -9.50869278e-01 -9.29941257e-01 -9.05457653e-01 -8.77106715e-01
 -8.44576690e-01 -8.08453927e-01 -7.70232461e-01 -7.29452107e-01
 -6.85587233e-01 -6.38112209e-01 -5.86926404e-01 -5.34023631e-01
 -4.79768408e-01 -4.24202213e-01 -3.67366522e-01 -3.09258385e-01
 -2.49210424e-01 -1.87536578e-01 -1.24960875e-01 -6.22073394e-02]


The mean residual between the interpolated sin(x) and numpy's sin(x) is
0.00021906579917800194


A figure with the spline interpolation can be seen in Exam.pdf
