0 1 1.5669e-17 6.93889e-17 -3.07185e-17 1 2.17745e-14 
0.1 0.997502 0.0499375 0.00124896 2.08203e-05 0.997502 1 
0.2 0.990025 0.0995008 0.00498335 0.00016625 0.990025 1 
0.3 0.977626 0.148319 0.0111659 0.000559343 0.977626 1 
0.4 0.960398 0.196027 0.0197347 0.00132005 0.960398 1 
0.5 0.93847 0.242268 0.030604 0.00256373 0.93847 1 
0.6 0.912005 0.286701 0.0436651 0.00439966 0.912005 1 
0.7 0.881201 0.328996 0.0587869 0.00692965 0.881201 1 
0.8 0.846287 0.368842 0.0758178 0.0102468 0.846287 1 
0.9 0.807524 0.40595 0.0945863 0.014434 0.807524 1 
1 0.765198 0.440051 0.114903 0.0195634 0.765198 1 
1.1 0.719622 0.470902 0.136564 0.0256945 0.719622 0.45 
1.2 0.671133 0.498289 0.159349 0.0328743 0.671133 0.4 
1.3 0.620086 0.522023 0.183027 0.0411358 0.620086 0.35 
1.4 0.566855 0.541948 0.207356 0.0504977 0.566855 0.3 
1.5 0.511828 0.557937 0.232088 0.060964 0.511828 0.25 
1.6 0.455402 0.569896 0.256968 0.0725234 0.455402 0.2 
1.7 0.397985 0.577765 0.281739 0.0851499 0.397985 0.15 
1.8 0.339986 0.581517 0.306144 0.098802 0.339986 0.1 
1.9 0.281819 0.581157 0.329926 0.113423 0.281819 0.05 
2 0.223891 0.576725 0.352834 0.128943 0.223891 38.6254 
2.1 0.166607 0.568292 0.374624 0.145277 0.166607 31.5851 
2.2 0.110362 0.555963 0.395059 0.162325 0.110362 26.2228 
2.3 0.0555398 0.539873 0.413915 0.179979 0.0555398 22.0718 
2.4 0.00250768 0.520185 0.43098 0.198115 0.00250768 18.8107 
2.5 -0.0483838 0.497094 0.446059 0.2166 -0.0483838 16.214 
2.6 -0.096805 0.470818 0.458973 0.235294 -0.096805 14.1208 
2.7 -0.142449 0.441601 0.469562 0.254045 -0.142449 12.4142 
2.8 -0.185036 0.409709 0.477685 0.272699 -0.185036 11.0083 
2.9 -0.224312 0.375427 0.483227 0.291093 -0.224312 23.0591 
3 -0.260052 0.339059 0.486091 0.309063 -0.260052 20.2604 
3.1 -0.292064 0.300921 0.486207 0.326443 -0.292064 17.932 
3.2 -0.320188 0.261343 0.483528 0.343066 -0.320188 15.9795 
3.3 -0.344296 0.220663 0.478032 0.358769 -0.344296 14.3299 
3.4 -0.364296 0.179226 0.469723 0.373389 -0.364296 12.9264 
3.5 -0.380128 0.137378 0.458629 0.38677 -0.380128 11.7246 
3.6 -0.391769 0.0954655 0.444805 0.398763 -0.391769 10.6892 
3.7 -0.39923 0.053834 0.42833 0.409225 -0.39923 9.79205 
3.8 -0.402556 0.012821 0.409304 0.418026 -0.402556 9.01045 
3.9 -0.401826 -0.027244 0.387855 0.425044 -0.401826 8.32608 
4 -0.39715 -0.0660433 0.364128 0.430171 -0.39715 7.72399 
4.1 -0.38867 -0.103273 0.338292 0.433315 -0.38867 7.19189 
4.2 -0.376557 -0.138647 0.310535 0.434394 -0.376557 6.71965 
4.3 -0.361011 -0.171897 0.281059 0.433347 -0.361011 6.29886 
4.4 -0.342257 -0.202776 0.250086 0.430127 -0.342257 5.92248 
4.5 -0.320543 -0.23106 0.217849 0.424704 -0.320543 5.58461 
4.6 -0.296138 -0.256553 0.184593 0.417069 -0.296138 11.5419 
4.7 -0.269331 -0.279081 0.150573 0.407228 -0.269331 10.7538 
4.8 -0.240425 -0.2985 0.11605 0.395209 -0.240425 10.0479 
4.9 -0.209738 -0.314695 0.0812915 0.381055 -0.209738 9.41357 
5 -0.177597 -0.327579 0.0465651 0.364831 -0.177597 8.84179 
5.1 -0.144335 -0.337097 0.0121398 0.346619 -0.144335 8.32491 
5.2 -0.11029 -0.343223 -0.0217184 0.326517 -0.11029 7.85636 
5.3 -0.0758031 -0.345961 -0.0547481 0.304641 -0.0758031 7.4305 
5.4 -0.0412101 -0.345345 -0.0866954 0.281126 -0.0412101 7.04244 
5.5 -0.00684387 -0.341438 -0.117315 0.256118 -0.00684387 6.68798 
5.6 0.0269709 -0.334333 -0.146375 0.229779 0.0269709 6.36345 
5.7 0.05992 -0.324148 -0.173656 0.202284 0.05992 6.06567 
5.8 0.0917026 -0.311028 -0.198954 0.173818 0.0917026 5.79184 
5.9 0.122033 -0.295142 -0.222082 0.144579 0.122033 5.53952 
6 0.150645 -0.276684 -0.242873 0.114768 0.150645 5.30656 
6.1 0.177291 -0.255865 -0.261182 0.0845982 0.177291 5.09108 
6.2 0.201747 -0.232917 -0.276882 0.0542833 0.201747 4.89139 
6.3 0.223812 -0.208087 -0.289871 0.0240416 0.223812 4.70602 
6.4 0.243311 -0.181638 -0.300072 -0.00590769 0.243311 4.53365 
6.5 0.260095 -0.153841 -0.30743 -0.0353466 0.260095 4.37311 
6.6 0.274043 -0.12498 -0.311916 -0.0640599 0.274043 4.22336 
6.7 0.285065 -0.0953421 -0.313525 -0.091837 0.285065 4.08346 
6.8 0.293096 -0.0652187 -0.312278 -0.118474 0.293096 3.95257 
6.9 0.298102 -0.0349021 -0.308219 -0.143775 0.298102 3.82995 
7 0.300079 -0.00468282 -0.301417 -0.167556 0.300079 3.71491 
7.1 0.299051 0.0251533 -0.291966 -0.189641 0.299051 3.60686 
7.2 0.295071 0.0543274 -0.27998 -0.209872 0.295071 3.50523 
7.3 0.288217 0.0825704 -0.265595 -0.228102 0.288217 3.40953 
7.4 0.278596 0.109625 -0.248968 -0.244202 0.278596 3.31932 
7.5 0.26634 0.135248 -0.230273 -0.258061 0.26634 3.23417 
7.6 0.251602 0.159214 -0.209703 -0.269584 0.251602 3.15372 
7.7 0.234559 0.181313 -0.187465 -0.278697 0.234559 3.07764 
7.8 0.215408 0.201357 -0.163778 -0.285346 0.215408 3.0056 
7.9 0.194362 0.219179 -0.138873 -0.289495 0.194362 2.93732 
8 0.171651 0.234636 -0.112992 -0.291132 0.171651 2.87256 
8.1 0.147517 0.247608 -0.0863797 -0.290264 0.147517 5.88218 
8.2 0.122215 0.257999 -0.0592888 -0.28692 0.122215 5.69575 
8.3 0.0960061 0.265739 -0.0319725 -0.281148 0.0960061 5.51974 
8.4 0.0691573 0.270786 -0.00468434 -0.273017 0.0691573 5.35343 
8.5 0.0419393 0.273122 0.0223247 -0.262616 0.0419393 5.19612 
8.6 0.014623 0.272755 0.0488084 -0.250053 0.014623 5.04719 
8.7 -0.0125227 0.269719 0.0745271 -0.235454 -0.0125227 4.90606 
8.8 -0.0392338 0.264074 0.0992506 -0.21896 -0.0392338 4.77221 
8.9 -0.0652532 0.255902 0.122759 -0.20073 -0.0652532 4.64516 
9 -0.0903336 0.245312 0.144847 -0.180935 -0.0903336 4.52445 
9.1 -0.114239 0.232431 0.165323 -0.159761 -0.114239 4.40969 
9.2 -0.136748 0.217409 0.184011 -0.137404 -0.136748 4.30048 
9.3 -0.157655 0.200414 0.200755 -0.114068 -0.157655 4.19648 
9.4 -0.176772 0.181632 0.215417 -0.0899655 -0.176772 4.09738 
9.5 -0.193929 0.161264 0.227879 -0.0653153 -0.193929 4.00286 
9.6 -0.208979 0.139525 0.238046 -0.0403388 -0.208979 3.91266 
9.7 -0.221795 0.116639 0.245845 -0.0152594 -0.221795 3.82652 
9.8 -0.232276 0.0928401 0.251223 0.0096999 -0.232276 3.74419 
9.9 -0.240341 0.0683698 0.254153 0.0343183 -0.240341 3.66547 
10 -0.245936 0.0434727 0.25463 0.0583794 -0.245936 3.59013 
10.1 -0.24903 0.0183955 0.252672 0.0816727 -0.24903 3.518 
10.2 -0.249617 -0.00661574 0.24832 0.103996 -0.249617 3.4489 
10.3 -0.247717 -0.0313178 0.241636 0.125157 -0.247717 3.38265 
10.4 -0.243372 -0.0554728 0.232704 0.144974 -0.243372 3.3191 
10.5 -0.236648 -0.07885 0.221629 0.16328 -0.236648 3.25811 
10.6 -0.227635 -0.101229 0.208535 0.179921 -0.227635 3.19955 
10.7 -0.216443 -0.122399 0.193564 0.19476 -0.216443 3.14328 
10.8 -0.203202 -0.142167 0.176875 0.207676 -0.203202 3.08919 
10.9 -0.188062 -0.16035 0.15864 0.218566 -0.188062 3.03717 
11 -0.17119 -0.176785 0.139048 0.227348 -0.17119 2.98711 
11.1 -0.152768 -0.191328 0.118295 0.233957 -0.152768 2.93891 
11.2 -0.132992 -0.203853 0.0965896 0.238349 -0.132992 2.89249 
11.3 -0.112068 -0.214255 0.0741472 0.240502 -0.112068 2.84776 
11.4 -0.0902145 -0.222451 0.0511881 0.240411 -0.0902145 2.80463 
11.5 -0.0676539 -0.228379 0.0279359 0.238095 -0.0676539 2.76303 
11.6 -0.0446157 -0.232 0.00461559 0.233592 -0.0446157 2.72289 
11.7 -0.0213313 -0.2333 -0.0185491 0.226959 -0.0213313 2.68414 
11.8 0.00196717 -0.232285 -0.0413375 0.218272 0.00196717 2.64672 
11.9 0.0250494 -0.228983 -0.063534 0.207627 0.0250494 2.61056 
12 0.0476893 -0.223447 -0.0849305 0.195137 0.0476893 2.57561 
12.1 0.0696668 -0.215749 -0.105328 0.18093 0.0696668 2.54182 
12.2 0.0907701 -0.205982 -0.124538 0.16515 0.0907701 2.50914 
12.3 0.110798 -0.194259 -0.142385 0.147955 0.110798 2.47751 
12.4 0.129561 -0.18071 -0.158708 0.129514 0.129561 2.44689 
12.5 0.146884 -0.165484 -0.173361 0.110008 0.146884 2.41724 
12.6 0.162607 -0.148742 -0.186217 0.0896258 0.162607 2.38852 
12.7 0.176588 -0.130662 -0.197165 0.0685631 0.176588 2.36069 
12.8 0.188701 -0.111432 -0.206113 0.0470214 0.188701 2.33371 
12.9 0.198842 -0.0912483 -0.212989 0.025205 0.198842 2.30754 
13 0.206926 -0.0703181 -0.217744 0.00331982 0.206926 2.28217 
13.1 0.212888 -0.0488525 -0.220347 -0.0184289 0.212888 2.25754 
13.2 0.216686 -0.0270667 -0.220787 -0.0398384 0.216686 2.23364 
13.3 0.218298 -0.00517748 -0.219077 -0.0607102 0.218298 2.21043 
13.4 0.217725 0.016599 -0.215248 -0.0808521 0.217725 2.18789 
13.5 0.214989 0.0380493 -0.209352 -0.10008 0.214989 2.166 
13.6 0.210133 0.0589646 -0.201462 -0.118218 0.210133 2.14472 
13.7 0.203221 0.0791428 -0.191667 -0.135104 0.203221 2.12403 
13.8 0.194336 0.0983905 -0.180076 -0.150586 0.194336 2.10392 
13.9 0.18358 0.116525 -0.166814 -0.164529 0.18358 2.08436 
14 0.171073 0.133375 -0.15202 -0.176809 0.171073 2.06533 
14.1 0.156953 0.148784 -0.135849 -0.187323 0.156953 2.04681 
14.2 0.141369 0.162611 -0.118466 -0.195982 0.141369 2.02878 
14.3 0.124488 0.174729 -0.10005 -0.202715 0.124488 2.01123 
14.4 0.106484 0.185032 -0.0807853 -0.207472 0.106484 1.99414 
14.5 0.0875449 0.193429 -0.0608649 -0.21022 0.0875449 1.97749 
14.6 0.0678641 0.199853 -0.040487 -0.210945 0.0678641 1.96127 
14.7 0.0476418 0.204251 -0.0198526 -0.209653 0.0476418 1.94546 
14.8 0.0270823 0.206596 0.000836005 -0.20637 0.0270823 1.93005 
14.9 0.00639154 0.206876 0.0213771 -0.201137 0.00639154 1.91503 
15 -0.0142245 0.205104 0.0415717 -0.194018 -0.0142245 1.90037 
15.1 -0.0345619 0.20131 0.0612255 -0.185092 -0.0345619 1.88608 
15.2 -0.0544208 0.195545 0.0801505 -0.174453 -0.0544208 1.87213 
15.3 -0.0736075 0.187879 0.098167 -0.162215 -0.0736075 1.85853 
15.4 -0.0919362 0.1784 0.115105 -0.148503 -0.0919362 1.84524 
15.5 -0.109231 0.167213 0.130807 -0.133457 -0.109231 1.83227 
15.6 -0.125326 0.15444 0.145126 -0.117228 -0.125326 1.81961 
15.7 -0.14007 0.140216 0.157932 -0.0999783 -0.14007 1.80724 
15.8 -0.153326 0.124691 0.169109 -0.0818788 -0.153326 1.79516 
15.9 -0.16497 0.108028 0.178559 -0.0631074 -0.16497 1.78335 
16 -0.174899 0.0903972 0.186199 -0.0438475 -0.174899 1.77182 
16.1 -0.183024 0.0719794 0.191965 -0.0242862 -0.183024 1.76054 
16.2 -0.189275 0.0529615 0.195813 -0.00461251 -0.189275 1.74952 
16.3 -0.193602 0.0335351 0.197717 0.0149845 -0.193602 1.73874 
16.4 -0.195975 0.0138947 0.197669 0.0343173 -0.195975 1.7282 
16.5 -0.196381 -0.00576421 0.195682 0.0532023 -0.196381 1.71789 
16.6 -0.194828 -0.0252471 0.191786 0.0714606 -0.194828 1.7078 
16.7 -0.191344 -0.0443624 0.186031 0.0889206 -0.191344 1.69793 
16.8 -0.185974 -0.0629232 0.178483 0.105419 -0.185974 1.68827 
16.9 -0.178783 -0.0807493 0.169227 0.120803 -0.178783 1.67882 
17 -0.169854 -0.0976685 0.158364 0.134931 -0.169854 1.66957 
17.1 -0.159285 -0.113519 0.146008 0.147673 -0.159285 1.6605 
17.2 -0.147191 -0.12815 0.13229 0.158915 -0.147191 1.65163 
17.3 -0.133701 -0.141423 0.117351 0.168557 -0.133701 1.64294 
17.4 -0.118956 -0.153216 0.101345 0.176514 -0.118956 1.63443 
17.5 -0.10311 -0.16342 0.0844338 0.182719 -0.10311 1.62609 
17.6 -0.0863279 -0.171943 0.066789 0.187122 -0.0863279 1.61792 
17.7 -0.0687804 -0.17871 0.0485872 0.18969 -0.0687804 1.60991 
17.8 -0.0506464 -0.183663 0.0300101 0.190407 -0.0506464 1.60206 
17.9 -0.0321095 -0.186765 0.0112418 0.189278 -0.0321095 1.59436 
18 -0.0133558 -0.187995 -0.00753251 0.186321 -0.0133558 1.58682 
18.1 0.00542702 -0.18735 -0.0261287 0.181576 0.00542702 1.57942 
18.2 0.0240523 -0.184848 -0.0443653 0.175097 0.0240523 1.57216 
18.3 0.0423358 -0.180523 -0.0620651 0.166957 0.0423358 1.56505 
18.4 0.0600979 -0.174428 -0.0790575 0.157242 0.0600979 1.55807 
18.5 0.0771648 -0.166634 -0.0951793 0.146054 0.0771648 1.55122 
18.6 0.0933708 -0.157225 -0.110277 0.13351 0.0933708 1.5445 
18.7 0.108559 -0.146305 -0.124207 0.119737 0.108559 1.53791 
18.8 0.122585 -0.13399 -0.13684 0.104875 0.122585 1.53143 
18.9 0.135315 -0.120408 -0.148057 0.0890732 0.135315 1.52508 
19 0.146629 -0.105701 -0.157756 0.0724897 0.146629 1.51884 
19.1 0.156423 -0.0900216 -0.165849 0.0552887 0.156423 1.51272 
19.2 0.164607 -0.073529 -0.172266 0.0376403 0.164607 1.50671 
19.3 0.171107 -0.0563913 -0.176951 0.0197175 0.171107 1.5008 
19.4 0.175869 -0.0387816 -0.179867 0.0016956 0.175869 1.495 
19.5 0.178854 -0.0208771 -0.180995 -0.0162501 0.178854 1.48931 
19.6 0.180041 -0.00285657 -0.180332 -0.0339459 0.180041 1.48371 
19.7 0.179427 0.0151006 -0.177894 -0.0512213 0.179427 1.47821 
19.8 0.177029 0.0328168 -0.173714 -0.0679105 0.177029 1.47281 
19.9 0.172878 0.0501174 -0.167841 -0.0838543 0.172878 1.4675 
