0.47 5.49 0.26
1.41 4.08 0.12
2.36 3.54 0.27
3.3 2.61 0.1
4.24 2.09 0.15
5.18 1.91 0.11
6.13 1.55 0.13
7.07 1.47 0.07
8.01 1.45 0.15
8.95 1.25 0.09


0 6.2138
0.1 6.02889
0.2 5.85065
0.3 5.67883
0.4 5.51321
0.5 5.35356
0.6 5.19966
0.7 5.0513
0.8 4.9083
0.9 4.77045
1 4.63757
1.1 4.50948
1.2 4.386
1.3 4.26698
1.4 4.15224
1.5 4.04164
1.6 3.93503
1.7 3.83226
1.8 3.73319
1.9 3.6377
2 3.54565
2.1 3.45691
2.2 3.37138
2.3 3.28892
2.4 3.20944
2.5 3.13282
2.6 3.05897
2.7 2.98778
2.8 2.91915
2.9 2.853
3 2.78923
3.1 2.72776
3.2 2.6685
3.3 2.61138
3.4 2.55632
3.5 2.50325
3.6 2.45208
3.7 2.40277
3.8 2.35522
3.9 2.3094
4 2.26522
4.1 2.22264
4.2 2.18159
4.3 2.14202
4.4 2.10388
4.5 2.06711
4.6 2.03167
4.7 1.9975
4.8 1.96457
4.9 1.93282
5 1.90222
5.1 1.87272
5.2 1.84429
5.3 1.81688
5.4 1.79045
5.5 1.76498
5.6 1.74043
5.7 1.71676
5.8 1.69395
5.9 1.67196
6 1.65076
6.1 1.63032
6.2 1.61062
6.3 1.59163
6.4 1.57333
6.5 1.55568
6.6 1.53868
6.7 1.52228
6.8 1.50648
6.9 1.49124
7 1.47655
7.1 1.4624
7.2 1.44875
7.3 1.4356
7.4 1.42292
7.5 1.41069
7.6 1.39891
7.7 1.38755
7.8 1.37661
7.9 1.36605
8 1.35588
8.1 1.34607
8.2 1.33662
8.3 1.32751
8.4 1.31872
8.5 1.31025
8.6 1.30209
8.7 1.29422
8.8 1.28664
8.9 1.27933
9 1.27228
9.1 1.26549
9.2 1.25894
9.3 1.25263
9.4 1.24654
9.5 1.24067
9.6 1.23502
9.7 1.22957
9.8 1.22432
9.9 1.21925
